280
338
2216
2218
2237
2258
2281
2306
2329
2351
2370
2391
2411
2429
2453
2477
2497
2502
2524
2538
2562
2580
2596
2601
2615
2627
2640
2652
2665
2676
2689
2703
2715
2728
340
341
359
360
362
366
368
369
371
372
375
2220
2239
2260
2283
2284
2307
2330
2353
2373
2392
2412
2414
2434
2440
2475
2480
2485
2500
2503
2526
2543
2564
2563
2581
2598
2616
2221
422
423
424
437
440
442
443
444
446
482
484
485
487
490
504
506
515
516
2240
2259
2285
2308
2331
2354
2375
2393
2413
2437
2454
2458
2478
2501
2525
210
211
224
494
531
539
542
2223
2241
2262
2287
2309
2332
2355
2374
2395
2415
2313
2455
2456
2479
2504
2523
2544
127
139
151
290
550
552
581
586
590
591
599
602
603
604
2219
2242
2263
2286
2310
2334
2336
2356
2376
2396
2416
2438
2457
2481
2506
2522
2545
2552
2586
2604
607
614
618
620
624
635
636
637
638
639
642
646
649
651
679
686
689
695
698
701
708
461
462
742
745
809
816
820
824
826
827
828
829
830
831
833
840
841
843
845
846
862
864
865
867
873
876
877
879
881
882
884
886
888
889
892
898
2225
2243
2265
2289
2311
2333
2357
2377
2397
2418
2439
2459
2482
2505
2511
2528
2547
2566
248
277
278
319
321
322
328
331
336
901
928
938
963
951
964
2226
2244
2266
2288
2314
2337
2359
2378
2398
2419
2442
2460
2483
2507
2529
2531
2548
2549
2546
2565
2584
2600
2618
2628
2630
2641
2653
2666
2677
2688
2704
2716
2730
2740
2750
2761
2770
2785
2796
2810
346
349
992
995
1051
1058
1070
1071
1072
1074
1075
1078
1079
1080
1081
1082
1083
1084
1085
1087
1088
1089
1091
1092
1093
1094
1095
1097
1101
1102
1103
1108
1109
1110
1111
1112
1113
1114
1116
1117
1120
1122
1142
1077
1178
1184
2246
2264
2291
2315
2338
2360
2379
2399
2417
2441
2461
2463
357
1196
1199
1200
1203
1205
1207
1209
1211
1213
1215
1218
1221
1222
1223
1224
1225
1226
1228
1230
1242
1246
1252
1255
1257
1259
1260
1261
1262
1263
1264
1268
1273
1274
1278
1282
1285
1289
1294
1306
1311
1312
1313
1317
1324
1326
1327
1328
1330
1337
1339
1341
1342
1343
1344
1345
1349
1351
1352
1354
1356
1381
402
403
1410
1416
1418
1421
1435
1436
1437
1453
1458
1459
1449
1483
1509
1512
1517
1525
2227
2247
2267
2290
2316
2339
2361
2380
2400
2420
2444
2464
2484
2509
57
88
91
162
164
180
195
1546
1557
1560
1563
1566
1567
1570
1575
2228
2248
2269
2292
2318
2340
2341
2362
2382
2394
2422
2421
2435
2465
2486
2510
2530
2550
2567
2568
2583
2597
2619
2631
2642
2654
2667
2678
2690
2705
2717
2729
2741
2754
2763
2774
2786
2798
2797
2823
2829
2846
2857
2229
2245
2270
2294
2317
2319
2342
2358
2383
2401
2403
2423
2445
2467
2488
2508
2533
2534
2551
2569
2570
2602
2617
2629
2643
2655
2668
2679
2691
2706
2718
2731
2742
2753
2764
2775
2787
2784
2811
2816
2835
2836
2847
2859
2861
2872
2887
2894
2905
2906
2915
2925
2938
2949
2960
2972
2993
3014
3027
3035
3053
3054
3063
3070
3080
3088
2961
2249
2268
2295
2321
2344
2364
2384
2402
2424
2446
2468
2489
2490
2487
2512
2527
2553
2571
2603
2605
2632
2644
2656
2669
2680
2692
2701
2719
2720
2732
2743
2755
2765
2776
2788
2799
2809
2813
2826
2837
2848
2862
2871
2885
2897
2907
2913
2926
2939
2951
2962
2973
2984
2995
3004
3005
3019
3028
3056
3064
3071
3081
3089
3094
3095
2436
2883
2969
3097
3100
1105
1096
1107
2231
2250
2271
2273
2275
2297
2320
2345
2363
2381
2404
2425
2426
2443
2469
2491
2513
2521
2532
2554
2572
2588
2606
2620
2633
2645
2658
2664
2681
2693
2707
2721
2733
2744
2756
2766
2777
2789
2800
2812
2827
2802
2849
2864
2873
2875
2877
2878
2890
2898
2917
2928
2940
2963
2985
2996
3007
3020
3025
3037
3043
3044
3047
3055
3062
3075
3082
3090
2927
2977
3101
1333
1334
2232
2272
2296
2322
2343
2365
2386
2405
2427
2447
2466
2492
2514
2535
2542
2557
2573
2574
2590
2607
2609
2621
2622
2634
2647
2657
2670
2682
2694
2708
2722
2734
2745
2757
2767
2778
2791
2801
2815
2825
2838
2839
2850
2851
2858
2865
2874
2879
2888
2899
2909
2918
2929
2942
2953
2964
2976
2986
2997
3008
3016
3030
3038
3048
3057
3065
3076
3083
3091
2931
2991
1527
2222
2253
2276
2298
2323
2346
2366
2387
2406
2428
2448
2471
2472
2493
2515
2536
2555
2575
2591
2599
2623
2635
2648
2659
2671
2683
2695
2696
2709
2724
2736
2746
2759
2768
2779
2790
2803
2814
2828
2840
2852
2863
2881
2891
2901
2904
2919
2930
2943
2954
2965
2979
2988
2998
3009
3010
3022
3031
3039
3050
3058
3066
3077
3084
3092
2933
3006
1387
1388
1576
1577
1579
1580
1595
1618
1633
1648
1662
1665
1667
1671
1675
1677
1681
1682
1683
1694
1695
1786
1803
1820
1826
1839
1981
1982
1984
1989
2233
2254
2274
2293
2305
2347
1698
1709
1715
1721
1582
1742
1749
1753
1755
1766
1999
2001
2002
2004
2005
2006
2008
2010
2145
2146
2201
2252
2277
2300
2325
2326
2348
2369
2371
2388
2407
2430
2449
2473
2494
2516
2517
2537
2558
2556
2576
2587
2593
2610
2624
2637
2649
2660
2672
2684
2698
2711
2723
2737
2747
2758
2769
2780
2792
2804
2818
2830
2841
2853
2856
2867
2866
2882
2892
2902
2911
2920
2932
2956
2968
2978
2994
3023
3021
2235
2255
2278
2303
2302
2324
2349
2367
2385
2408
2432
2450
2474
2495
2518
2539
2559
2577
2592
2595
2611
2614
2625
2636
2646
2662
2673
2685
2697
2712
2710
2726
2738
2748
2760
2771
2781
2793
2805
2819
2831
2854
2868
2880
2893
2889
2912
2922
2934
2946
2945
2957
2980
2990
2999
3012
3018
3032
3041
3051
3059
3067
3060
3085
3074
2941
3013
1961
1965
1966
1967
1968
1970
1971
1973
1975
1977
1978
1979
1980
2147
2148
2149
2150
2151
2152
2153
2154
2155
2156
2162
2163
2164
2165
2166
2172
2176
2179
2180
2181
2182
2238
2256
2279
2301
2327
2350
2368
2389
2409
2431
2451
2470
2496
2519
2540
2561
2578
2594
2612
2608
2638
2650
2661
2674
2686
2699
2713
2725
2735
2749
2752
2772
2783
2794
2807
2806
2821
2824
2833
2834
2844
2855
2869
2884
2895
2903
2910
2923
2936
2947
2958
2966
2967
2992
3000
3015
3024
3033
3042
3049
3061
3068
3078
3086
3093
2948
2935
2132
2133
2134
2135
2139
2142
2143
2144
2236
2257
2280
2304
2328
2352
2372
2390
2410
2433
2452
2476
2498
2499
2520
2541
2560
2579
2589
2613
2626
2639
2651
2663
2675
2687
2700
2714
2727
2739
2751
2762
2773
2782
2795
2808
2820
2822
2832
2845
2843
2870
2158
2202
2204
2211
2212
2213
2214
2215
2896
2900
2914
2924
2937
2950
2971
2981
2987
3001
3017
3026
3052
3029
3069
3079
3087
2955